% Intrinsic and Extrinsic Camera Parameters
%
% This script file can be directly executed under Matlab to recover the camera intrinsic and extrinsic parameters.
% IMPORTANT: This file contains neither the structure of the calibration objects nor the image coordinates of the calibration points.
%            All those complementary variables are saved in the complete matlab data file Calib_Results.mat.
% For more information regarding the calibration model visit http://www.vision.caltech.edu/bouguetj/calib_doc/


%-- Focal length:
fc = [ 1229.502351699444034 ; 1248.642348708814552 ];

%-- Principal point:
cc = [ 642.134474893505853 ; 618.008118242951014 ];

%-- Skew coefficient:
alpha_c = 0.000000000000000;

%-- Distortion coefficients:
kc = [ 0.024202012862299 ; -0.008039890125793 ; 0.015728926275849 ; 0.000125422301698 ; 0.000000000000000 ];

%-- Focal length uncertainty:
fc_error = [ 20.059976218712716 ; 20.274853587387717 ];

%-- Principal point uncertainty:
cc_error = [ 27.796686627436944 ; 27.450309660109628 ];

%-- Skew coefficient uncertainty:
alpha_c_error = 0.000000000000000;

%-- Distortion coefficients uncertainty:
kc_error = [ 0.031101052146682 ; 0.052968592909439 ; 0.007652320665315 ; 0.007111773393274 ; 0.000000000000000 ];

%-- Image size:
nx = 1359;
ny = 895;


%-- Various other variables (may be ignored if you do not use the Matlab Calibration Toolbox):
%-- Those variables are used to control which intrinsic parameters should be optimized

n_ima = 38;						% Number of calibration images
est_fc = [ 1 ; 1 ];					% Estimation indicator of the two focal variables
est_aspect_ratio = 1;				% Estimation indicator of the aspect ratio fc(2)/fc(1)
center_optim = 1;					% Estimation indicator of the principal point
est_alpha = 0;						% Estimation indicator of the skew coefficient
est_dist = [ 1 ; 1 ; 1 ; 1 ; 0 ];	% Estimation indicator of the distortion coefficients


%-- Extrinsic parameters:
%-- The rotation (omc_kk) and the translation (Tc_kk) vectors for every calibration image and their uncertainties

%-- Image #1:
omc_1 = [ 1.918213e+00 ; 1.952345e+00 ; 5.782392e-01 ];
Tc_1  = [ -1.984135e+02 ; -7.600521e+01 ; 4.662294e+02 ];
omc_error_1 = [ 2.560743e-02 ; 3.021010e-02 ; 5.119879e-02 ];
Tc_error_1  = [ 1.158872e+01 ; 1.085213e+01 ; 1.030510e+01 ];

%-- Image #2:
omc_2 = [ 1.983080e+00 ; 1.301143e+00 ; 3.011350e-01 ];
Tc_2  = [ -1.619300e+02 ; -1.815322e+01 ; 5.161642e+02 ];
omc_error_2 = [ 2.247387e-02 ; 1.941322e-02 ; 3.456066e-02 ];
Tc_error_2  = [ 1.184173e+01 ; 1.164235e+01 ; 1.056777e+01 ];

%-- Image #3:
omc_3 = [ 2.122275e+00 ; 2.157802e+00 ; 7.577272e-01 ];
Tc_3  = [ -1.252529e+02 ; -2.379004e+02 ; 4.837615e+02 ];
omc_error_3 = [ 2.429146e-02 ; 3.744401e-02 ; 6.422932e-02 ];
Tc_error_3  = [ 1.224557e+01 ; 1.134944e+01 ; 1.223685e+01 ];

%-- Image #4:
omc_4 = [ 1.962412e+00 ; 1.903218e+00 ; 3.567774e-01 ];
Tc_4  = [ -1.780616e+02 ; -1.949316e+02 ; 4.372271e+02 ];
omc_error_4 = [ 1.755735e-02 ; 2.806954e-02 ; 4.209656e-02 ];
Tc_error_4  = [ 1.071373e+01 ; 1.008164e+01 ; 1.093200e+01 ];

%-- Image #5:
omc_5 = [ 1.993007e+00 ; 1.960359e+00 ; 4.310986e-01 ];
Tc_5  = [ -2.077381e+02 ; -2.045088e+02 ; 4.509660e+02 ];
omc_error_5 = [ 1.964419e-02 ; 3.390017e-02 ; 5.021689e-02 ];
Tc_error_5  = [ 1.119343e+01 ; 1.052079e+01 ; 1.192632e+01 ];

%-- Image #6:
omc_6 = [ 1.880029e+00 ; 1.974519e+00 ; 7.837750e-01 ];
Tc_6  = [ -1.501505e+02 ; -2.274641e+02 ; 4.629996e+02 ];
omc_error_6 = [ 1.901705e-02 ; 2.784170e-02 ; 4.221049e-02 ];
Tc_error_6  = [ 1.175595e+01 ; 1.073359e+01 ; 1.166908e+01 ];

%-- Image #7:
omc_7 = [ 2.149219e+00 ; 2.111047e+00 ; 8.563089e-03 ];
Tc_7  = [ -1.054999e+02 ; -3.153054e+02 ; 6.509182e+02 ];
omc_error_7 = [ 2.177957e-02 ; 3.504167e-02 ; 5.758091e-02 ];
Tc_error_7  = [ 1.580982e+01 ; 1.497131e+01 ; 1.425002e+01 ];

%-- Image #8:
omc_8 = [ 2.046904e+00 ; 2.044773e+00 ; 1.202518e-01 ];
Tc_8  = [ -1.433022e+02 ; -2.746733e+02 ; 5.569918e+02 ];
omc_error_8 = [ 1.826094e-02 ; 3.148602e-02 ; 4.964521e-02 ];
Tc_error_8  = [ 1.355429e+01 ; 1.279791e+01 ; 1.293105e+01 ];

%-- Image #9:
omc_9 = [ -2.309126e+00 ; -2.051074e+00 ; 3.748673e-01 ];
Tc_9  = [ 1.266184e+02 ; -2.324030e+02 ; 5.922589e+02 ];
omc_error_9 = [ 3.457892e-02 ; 2.530368e-02 ; 5.747072e-02 ];
Tc_error_9  = [ 1.461839e+01 ; 1.371669e+01 ; 1.188248e+01 ];

%-- Image #10:
omc_10 = [ -2.164568e+00 ; -1.919675e+00 ; -5.087468e-01 ];
Tc_10  = [ 5.400296e+01 ; -2.570731e+02 ; 5.556921e+02 ];
omc_error_10 = [ 3.060467e-02 ; 3.183752e-02 ; 5.738139e-02 ];
Tc_error_10  = [ 1.339996e+01 ; 1.265764e+01 ; 1.442872e+01 ];

%-- Image #11:
omc_11 = [ 2.100761e+00 ; 1.941674e+00 ; 8.663624e-01 ];
Tc_11  = [ -8.727075e+01 ; -2.242023e+02 ; 4.726587e+02 ];
omc_error_11 = [ 2.160699e-02 ; 2.474804e-02 ; 4.259619e-02 ];
Tc_error_11  = [ 1.172405e+01 ; 1.085994e+01 ; 1.165720e+01 ];

%-- Image #12:
omc_12 = [ 1.884803e+00 ; 1.625040e+00 ; 9.034558e-01 ];
Tc_12  = [ -6.954991e+01 ; -8.424044e+01 ; 4.832724e+02 ];
omc_error_12 = [ 2.287774e-02 ; 1.863654e-02 ; 3.296930e-02 ];
Tc_error_12  = [ 1.121459e+01 ; 1.071634e+01 ; 9.849953e+00 ];

%-- Image #13:
omc_13 = [ 2.049571e+00 ; 1.860177e+00 ; -5.339462e-01 ];
Tc_13  = [ -4.038553e+01 ; -8.397684e+01 ; 5.943276e+02 ];
omc_error_13 = [ 2.162019e-02 ; 2.435676e-02 ; 4.448003e-02 ];
Tc_error_13  = [ 1.357202e+01 ; 1.303761e+01 ; 9.898088e+00 ];

%-- Image #14:
omc_14 = [ 1.843976e+00 ; 1.810973e+00 ; -7.534624e-01 ];
Tc_14  = [ 2.839438e+01 ; -9.049074e+01 ; 6.171700e+02 ];
omc_error_14 = [ 2.067997e-02 ; 2.297313e-02 ; 3.785138e-02 ];
Tc_error_14  = [ 1.419634e+01 ; 1.357852e+01 ; 1.032440e+01 ];

%-- Image #15:
omc_15 = [ 1.892743e+00 ; 1.471889e+00 ; -1.506323e-01 ];
Tc_15  = [ -8.546734e+01 ; -9.169345e+00 ; 5.265437e+02 ];
omc_error_15 = [ 2.126708e-02 ; 2.000281e-02 ; 3.410862e-02 ];
Tc_error_15  = [ 1.188277e+01 ; 1.162466e+01 ; 9.600238e+00 ];

%-- Image #16:
omc_16 = [ 1.950434e+00 ; 1.598689e+00 ; 3.374648e-02 ];
Tc_16  = [ -2.448095e+02 ; -6.902009e-01 ; 5.849235e+02 ];
omc_error_16 = [ 2.474616e-02 ; 2.801631e-02 ; 4.748817e-02 ];
Tc_error_16  = [ 1.349479e+01 ; 1.355859e+01 ; 1.241749e+01 ];

%-- Image #17:
omc_17 = [ 1.904344e+00 ; 1.388494e+00 ; 3.268959e-01 ];
Tc_17  = [ -2.701077e+02 ; -1.003707e+00 ; 5.310661e+02 ];
omc_error_17 = [ 2.295484e-02 ; 2.325678e-02 ; 3.844463e-02 ];
Tc_error_17  = [ 1.260672e+01 ; 1.259751e+01 ; 1.210520e+01 ];

%-- Image #18:
omc_18 = [ 2.244246e+00 ; 2.134749e+00 ; -3.595655e-01 ];
Tc_18  = [ -7.090890e+01 ; 3.175247e+00 ; 6.091568e+02 ];
omc_error_18 = [ 4.628265e-02 ; 4.001364e-02 ; 9.609784e-02 ];
Tc_error_18  = [ 1.373270e+01 ; 1.346777e+01 ; 1.052693e+01 ];

%-- Image #19:
omc_19 = [ 2.213403e+00 ; 2.078019e+00 ; -8.547713e-03 ];
Tc_19  = [ 2.987488e+01 ; -2.031856e+00 ; 5.865623e+02 ];
omc_error_19 = [ 3.903128e-02 ; 2.834305e-02 ; 7.194777e-02 ];
Tc_error_19  = [ 1.324056e+01 ; 1.291560e+01 ; 1.213741e+01 ];

%-- Image #20:
omc_20 = [ -2.089812e+00 ; -1.939295e+00 ; 6.685909e-01 ];
Tc_20  = [ 1.198328e+02 ; 8.838748e+00 ; 6.344507e+02 ];
omc_error_20 = [ 3.699123e-02 ; 4.611460e-02 ; 8.466766e-02 ];
Tc_error_20  = [ 1.453722e+01 ; 1.403988e+01 ; 1.197255e+01 ];

%-- Image #21:
omc_21 = [ -2.115390e+00 ; -1.825552e+00 ; 5.273556e-01 ];
Tc_21  = [ 1.144908e+02 ; -1.138513e+01 ; 5.715431e+02 ];
omc_error_21 = [ 3.482797e-02 ; 4.437770e-02 ; 8.156745e-02 ];
Tc_error_21  = [ 1.310944e+01 ; 1.268781e+01 ; 1.164472e+01 ];

%-- Image #22:
omc_22 = [ -1.824981e+00 ; -1.658863e+00 ; 7.646302e-01 ];
Tc_22  = [ 1.229060e+02 ; -1.511720e+01 ; 5.855745e+02 ];
omc_error_22 = [ 2.159709e-02 ; 2.272889e-02 ; 3.995901e-02 ];
Tc_error_22  = [ 1.347470e+01 ; 1.300898e+01 ; 1.025096e+01 ];

%-- Image #23:
omc_23 = [ -1.597719e+00 ; -1.505984e+00 ; 7.740386e-01 ];
Tc_23  = [ 1.130542e+02 ; -7.915686e+01 ; 4.970932e+02 ];
omc_error_23 = [ 1.925184e-02 ; 1.780505e-02 ; 3.071440e-02 ];
Tc_error_23  = [ 1.163593e+01 ; 1.106482e+01 ; 8.011218e+00 ];

%-- Image #24:
