% Intrinsic and Extrinsic Camera Parameters
%
% This script file can be directly executed under Matlab to recover the camera intrinsic and extrinsic parameters.
% IMPORTANT: This file contains neither the structure of the calibration objects nor the image coordinates of the calibration points.
%            All those complementary variables are saved in the complete matlab data file Calib_Results.mat.
% For more information regarding the calibration model visit http://www.vision.caltech.edu/bouguetj/calib_doc/


%-- Focal length:
fc = [ 1184.933635573053380 ; 1196.904438708877933 ];

%-- Principal point:
cc = [ 738.350988197770334 ; 536.458707190185919 ];

%-- Skew coefficient:
alpha_c = 0.000000000000000;

%-- Distortion coefficients:
kc = [ 0.039301783626935 ; -0.004949951801619 ; 0.003815759537489 ; 0.016855423084953 ; 0.000000000000000 ];

%-- Focal length uncertainty:
fc_error = [ 41.047634329108405 ; 39.550410522148333 ];

%-- Principal point uncertainty:
cc_error = [ 68.179270500285909 ; 50.217300400380061 ];

%-- Skew coefficient uncertainty:
alpha_c_error = 0.000000000000000;

%-- Distortion coefficients uncertainty:
kc_error = [ 0.067072273435216 ; 0.118782182259172 ; 0.015187814232915 ; 0.020269076890314 ; 0.000000000000000 ];

%-- Image size:
nx = 1359;
ny = 895;


%-- Various other variables (may be ignored if you do not use the Matlab Calibration Toolbox):
%-- Those variables are used to control which intrinsic parameters should be optimized

n_ima = 38;						% Number of calibration images
est_fc = [ 1 ; 1 ];					% Estimation indicator of the two focal variables
est_aspect_ratio = 1;				% Estimation indicator of the aspect ratio fc(2)/fc(1)
center_optim = 1;					% Estimation indicator of the principal point
est_alpha = 0;						% Estimation indicator of the skew coefficient
est_dist = [ 1 ; 1 ; 1 ; 1 ; 0 ];	% Estimation indicator of the distortion coefficients


%-- Extrinsic parameters:
%-- The rotation (omc_kk) and the translation (Tc_kk) vectors for every calibration image and their uncertainties

%-- Image #1:
omc_1 = [ 1.831146e+00 ; 1.915267e+00 ; 6.600004e-01 ];
Tc_1  = [ -2.187204e+02 ; -2.381495e+01 ; 4.513136e+02 ];
omc_error_1 = [ 5.023489e-02 ; 5.244349e-02 ; 8.705361e-02 ];
Tc_error_1  = [ 2.808134e+01 ; 2.061004e+01 ; 2.220876e+01 ];

%-- Image #2:
omc_2 = [ 1.862459e+00 ; 1.214728e+00 ; 3.713193e-01 ];
Tc_2  = [ -1.740239e+02 ; 2.617237e+01 ; 4.781499e+02 ];
omc_error_2 = [ 4.151741e-02 ; 4.107934e-02 ; 6.439636e-02 ];
Tc_error_2  = [ 2.833247e+01 ; 2.119476e+01 ; 2.081261e+01 ];

%-- Image #3:
omc_3 = [ 2.016356e+00 ; 2.062328e+00 ; 8.534957e-01 ];
Tc_3  = [ -1.445447e+02 ; -1.828989e+02 ; 4.659379e+02 ];
omc_error_3 = [ 4.631537e-02 ; 5.901778e-02 ; 9.294148e-02 ];
Tc_error_3  = [ 2.943718e+01 ; 2.107742e+01 ; 2.171975e+01 ];

%-- Image #4:
omc_4 = [ 1.892569e+00 ; 1.824806e+00 ; 4.741881e-01 ];
Tc_4  = [ -1.936604e+02 ; -1.451552e+02 ; 4.221229e+02 ];
omc_error_4 = [ 3.578513e-02 ; 5.793076e-02 ; 7.470440e-02 ];
Tc_error_4  = [ 2.640171e+01 ; 1.898273e+01 ; 2.164752e+01 ];

%-- Image #5:
omc_5 = [ 1.875859e+00 ; 1.776103e+00 ; 4.541450e-01 ];
Tc_5  = [ -2.176285e+02 ; -1.496615e+02 ; 4.224610e+02 ];
omc_error_5 = [ 3.449912e-02 ; 5.972793e-02 ; 7.286939e-02 ];
Tc_error_5  = [ 2.670253e+01 ; 1.926584e+01 ; 2.289347e+01 ];

%-- Image #6:
omc_6 = [ 1.767005e+00 ; 1.887709e+00 ; 9.154386e-01 ];
Tc_6  = [ -1.680891e+02 ; -1.722241e+02 ; 4.458542e+02 ];
omc_error_6 = [ 4.087626e-02 ; 4.947928e-02 ; 6.657874e-02 ];
Tc_error_6  = [ 2.848607e+01 ; 2.015451e+01 ; 2.129700e+01 ];

%-- Image #7:
omc_7 = [ 2.109874e+00 ; 1.995573e+00 ; 1.214240e-01 ];
Tc_7  = [ -1.363494e+02 ; -2.491621e+02 ; 6.207779e+02 ];
omc_error_7 = [ 4.085600e-02 ; 7.028735e-02 ; 1.039348e-01 ];
Tc_error_7  = [ 3.751034e+01 ; 2.730213e+01 ; 2.775095e+01 ];

%-- Image #8:
omc_8 = [ 2.002683e+00 ; 2.026078e+00 ; 1.560029e-01 ];
Tc_8  = [ -1.679874e+02 ; -2.188760e+02 ; 5.401319e+02 ];
omc_error_8 = [ 3.603273e-02 ; 6.905362e-02 ; 9.572012e-02 ];
Tc_error_8  = [ 3.282240e+01 ; 2.406753e+01 ; 2.543013e+01 ];

%-- Image #9:
omc_9 = [ -2.390090e+00 ; -2.080287e+00 ; 2.918884e-01 ];
Tc_9  = [ 1.013798e+02 ; -1.756078e+02 ; 5.674395e+02 ];
omc_error_9 = [ 6.856803e-02 ; 4.315420e-02 ; 1.186467e-01 ];
Tc_error_9  = [ 3.433238e+01 ; 2.429757e+01 ; 2.265263e+01 ];

%-- Image #10:
omc_10 = [ -2.134280e+00 ; -1.906873e+00 ; -5.529545e-01 ];
Tc_10  = [ 2.799651e+01 ; -2.029918e+02 ; 5.520392e+02 ];
omc_error_10 = [ 5.839728e-02 ; 5.873177e-02 ; 1.042652e-01 ];
Tc_error_10  = [ 3.298443e+01 ; 2.443454e+01 ; 2.664143e+01 ];

%-- Image #11:
omc_11 = [ 2.027719e+00 ; 1.877490e+00 ; 8.174462e-01 ];
Tc_11  = [ -1.113682e+02 ; -1.754851e+02 ; 4.715370e+02 ];
omc_error_11 = [ 4.593465e-02 ; 5.036496e-02 ; 7.386260e-02 ];
Tc_error_11  = [ 2.903092e+01 ; 2.075546e+01 ; 2.198703e+01 ];

%-- Image #12:
omc_12 = [ 1.824438e+00 ; 1.605666e+00 ; 9.077366e-01 ];
Tc_12  = [ -9.605756e+01 ; -3.382681e+01 ; 4.894678e+02 ];
omc_error_12 = [ 5.165483e-02 ; 3.979105e-02 ; 6.399783e-02 ];
Tc_error_12  = [ 2.858834e+01 ; 2.090923e+01 ; 1.973601e+01 ];

%-- Image #13:
omc_13 = [ 2.004701e+00 ; 1.741541e+00 ; -5.337868e-01 ];
Tc_13  = [ -6.533457e+01 ; -2.832257e+01 ; 5.534870e+02 ];
omc_error_13 = [ 3.670408e-02 ; 4.937808e-02 ; 8.541334e-02 ];
Tc_error_13  = [ 3.186150e+01 ; 2.335409e+01 ; 1.899061e+01 ];

%-- Image #14:
omc_14 = [ 1.807739e+00 ; 1.714321e+00 ; -7.354254e-01 ];
Tc_14  = [ 1.045206e+00 ; -3.628968e+01 ; 5.781082e+02 ];
omc_error_14 = [ 3.601685e-02 ; 4.920596e-02 ; 7.665896e-02 ];
Tc_error_14  = [ 3.335964e+01 ; 2.421345e+01 ; 1.977601e+01 ];

%-- Image #15:
omc_15 = [ 1.814994e+00 ; 1.363848e+00 ; -1.431183e-01 ];
Tc_15  = [ -9.988614e+01 ; 3.778743e+01 ; 4.920341e+02 ];
omc_error_15 = [ 3.738985e-02 ; 4.333807e-02 ; 6.739960e-02 ];
Tc_error_15  = [ 2.845195e+01 ; 2.113924e+01 ; 1.885256e+01 ];

%-- Image #16:
omc_16 = [ 1.892897e+00 ; 1.524116e+00 ; 1.237540e-01 ];
Tc_16  = [ -2.736899e+02 ; 5.555184e+01 ; 5.635645e+02 ];
omc_error_16 = [ 4.611339e-02 ; 5.707853e-02 ; 8.849980e-02 ];
Tc_error_16  = [ 3.400479e+01 ; 2.605340e+01 ; 2.721371e+01 ];

%-- Image #17:
omc_17 = [ 1.785507e+00 ; 1.293072e+00 ; 3.756543e-01 ];
Tc_17  = [ -2.892776e+02 ; 4.851851e+01 ; 5.043598e+02 ];
omc_error_17 = [ 4.105996e-02 ; 4.619566e-02 ; 6.556284e-02 ];
Tc_error_17  = [ 3.146468e+01 ; 2.396301e+01 ; 2.574033e+01 ];

%-- Image #18:
omc_18 = [ 2.063987e+00 ; 1.929962e+00 ; -4.197754e-01 ];
Tc_18  = [ -9.653614e+01 ; 6.172577e+01 ; 5.782041e+02 ];
omc_error_18 = [ 6.215076e-02 ; 6.482546e-02 ; 1.256788e-01 ];
Tc_error_18  = [ 3.334637e+01 ; 2.479322e+01 ; 2.117282e+01 ];

%-- Image #19:
omc_19 = [ 2.178105e+00 ; 2.039053e+00 ; -1.622954e-01 ];
Tc_19  = [ 4.219712e+00 ; 5.581891e+01 ; 5.697914e+02 ];
omc_error_19 = [ 9.358962e-02 ; 7.164547e-02 ; 1.789999e-01 ];
Tc_error_19  = [ 3.291020e+01 ; 2.393291e+01 ; 2.387061e+01 ];

%-- Image #20:
omc_20 = [ -2.239716e+00 ; -2.023844e+00 ; 2.404864e-01 ];
Tc_20  = [ 8.441463e+01 ; 6.582203e+01 ; 5.898211e+02 ];
omc_error_20 = [ 7.337174e-02 ; 1.037985e-01 ; 1.819534e-01 ];
Tc_error_20  = [ 3.430605e+01 ; 2.488009e+01 ; 2.451064e+01 ];

%-- Image #21:
omc_21 = [ -2.232854e+00 ; -1.936709e+00 ; 7.099196e-01 ];
Tc_21  = [ 9.068815e+01 ; 4.367486e+01 ; 5.453592e+02 ];
omc_error_21 = [ 6.600025e-02 ; 7.323009e-02 ; 1.472606e-01 ];
Tc_error_21  = [ 3.167236e+01 ; 2.291462e+01 ; 2.137192e+01 ];

%-- Image #22:
omc_22 = [ -1.911126e+00 ; -1.712557e+00 ; 7.656454e-01 ];
Tc_22  = [ 9.127592e+01 ; 3.936348e+01 ; 5.484503e+02 ];
omc_error_22 = [ 4.657767e-02 ; 4.813062e-02 ; 7.868623e-02 ];
Tc_error_22  = [ 3.191438e+01 ; 2.309019e+01 ; 2.066824e+01 ];

%-- Image #23:
omc_23 = [ -1.679251e+00 ; -1.543330e+00 ; 7.942873e-01 ];
Tc_23  = [ 8.790088e+01 ; -2.680534e+01 ; 4.692171e+02 ];
omc_error_23 = [ 4.398475e-02 ; 4.126443e-02 ; 6.277215e-02 ];
Tc_error_23  = [ 2.744508e+01 ; 1.972239e+01 ; 1.590882e+01 ];

%-- Image #24:
